97
0.408171
0.408171
0.063509
-0.049251
-0.044077
-0.140734
-0.188799
-0.400302
0.468318
-0.383845
0.928858
0.111274
-0.000000
-0.173460
0.000000
0.007084
0.204978
0.204978
0.000000
-0.037607
-0.312637
0.248837
0.203718
0.203718
-0.141558
0.153302
0.067916
-0.418086
-0.228944
0.000000
0.000000
-0.432675
-0.119882
0.000000
-0.290015
-0.123652
0.000000
-0.277703
-0.161960
-0.408171
-0.408171
-0.063509
0.049251
0.044077
0.140734
0.188799
0.400302
-0.468318
0.383845
-0.928858
-0.111274
-0.000000
0.173460
-0.000000
-0.007084
-0.204978
-0.204978
0.000000
0.037607
0.312637
-0.248837
-0.203718
-0.203718
0.141558
-0.153302
-0.067916
0.418086
0.228944
0.000000
0.000000
0.432675
0.119882
0.000000
0.290015
0.123652
0.000000
0.277703
0.161960
0.000000
0.000000
0.000000
0.000000
0.000000
0.000000
0.000000
0.000000
0.000000
0.000000
0.000000
0.000000
0.000000
0.000000
0.000000
0.000000
0.000000
0.000000
0.000000
